[gd_scene load_steps=9 format=2]

[ext_resource path="res://Game.gd" type="Script" id=1]
[ext_resource path="res://models/vive/vr_controller_vive_1_5.obj" type="ArrayMesh" id=2]
[ext_resource path="res://models/vive/controller_mat.tres" type="Material" id=3]
[ext_resource path="res://models/hand/handvr.obj" type="ArrayMesh" id=4]
[ext_resource path="res://models/hand/hand_mat.tres" type="Material" id=5]

[sub_resource type="CubeMesh" id=1]
size = Vector3( 100, 0.2, 100 )

[sub_resource type="ProceduralSky" id=4]

[sub_resource type="Environment" id=3]
background_mode = 2
background_sky = SubResource( 4 )
ambient_light_energy = 0.0

[node name="Game" type="Spatial"]
script = ExtResource( 1 )

[node name="Floor" type="MeshInstance" parent="."]
transform = Transform( 1, 0, 0, 0, 1, 0, 0, 0, 1, 0, -0.15, 0 )
mesh = SubResource( 1 )
material/0 = null

[node name="ARVROrigin" type="ARVROrigin" parent="."]

[node name="ARVRCamera" type="ARVRCamera" parent="ARVROrigin"]

[node name="ARVRControllerRight" type="ARVRController" parent="ARVROrigin"]
controller_id = 2

[node name="Mesh" type="MeshInstance" parent="ARVROrigin/ARVRControllerRight"]
visible = false
mesh = ExtResource( 2 )
material/0 = ExtResource( 3 )

[node name="RightHand" type="MeshInstance" parent="ARVROrigin/ARVRControllerRight"]
transform = Transform( -0.000105977, 0.993219, 0.116262, 0.550697, 0.0971028, -0.829038, -0.834705, 0.0639376, -0.546973, -0.000389539, 0, 0.0726857 )
mesh = ExtResource( 4 )
material/0 = ExtResource( 5 )

[node name="ARVRControllerLeft" type="ARVRController" parent="ARVROrigin"]

[node name="Mesh" type="MeshInstance" parent="ARVROrigin/ARVRControllerLeft"]
visible = false
mesh = ExtResource( 2 )
material/0 = ExtResource( 3 )

[node name="LeftHand" type="MeshInstance" parent="ARVROrigin/ARVRControllerLeft"]
transform = Transform( 0.000105798, -0.993219, -0.116263, 0.550697, 0.097103, -0.829038, -0.834705, 0.0639379, -0.546973, 0, 0, 0.073 )
mesh = ExtResource( 4 )
material/0 = ExtResource( 5 )

[node name="WorldEnvironment" type="WorldEnvironment" parent="."]
environment = SubResource( 3 )

[node name="Sun" type="DirectionalLight" parent="."]
transform = Transform( -1, 2.30405e-07, -2.30405e-07, 0, 0.707107, 0.707107, 3.25841e-07, 0.707107, -0.707107, 0, 1.33675, 0 )
shadow_enabled = true
directional_shadow_blend_splits = true

[node name="Ambient" type="DirectionalLight" parent="Sun"]
transform = Transform( -1, 0, 3.25841e-07, 0, 1, 0, -3.25841e-07, 0, -1, 0, 0, 0 )
light_energy = 0.65

[node name="Ambient2" type="DirectionalLight" parent="Sun"]
transform = Transform( 1.19249e-08, 0, -1, 0, 1, 0, 1, 0, 1.19249e-08, 0, 0, 0 )
light_energy = 0.65

[node name="Ambient3" type="DirectionalLight" parent="Sun"]
transform = Transform( -1.62921e-07, 0, 1, 0, 1, 0, -1, 0, -1.62921e-07, 0, 0, 0 )
light_energy = 0.65
directional_shadow_depth_range = 1
